0.25 1.772 0.0347 0.125 1.5734 0.5175 0.25 1.378 -0.0347
0.125 1.5734 0.5175 0.125 1.3765 0.4825 0.25 1.378 -0.0347
-0.25 1.772 0.0347 -0.125 1.5734 0.5175 -0.25 1.378 -0.0347
-0.125 1.5734 0.5175 -0.125 1.3765 0.4825 -0.25 1.378 -0.0347
0.25 1.772 0.0347 0.125 1.5734 0.5175 -0.25 1.772 0.0347
-0.125 1.5734 0.5175 0.125 1.5734 0.5175 -0.25 1.772 0.0347
0.25 1.378 -0.0347 0.125 1.3765 0.4825 -0.25 1.378 -0.0347
-0.125 1.3765 0.4825 0.125 1.3765 0.4825 -0.25 1.378 -0.0347

0 1.125 0 0 0 0.6 0.25
0 1.125 0.5 0 0 0.6 0.25
-0.3 1.125 0.25 0 90 0.5 0.25
0.3 1.125 0.25 0 90 0.5 0.25
0 1.25 0.25 90 0 0.6 0.5
0 1 0.25 90 0 0.6 0.5
0 1.575 0 10 0 0.5 0.4
0 1.475 0.5 10 0 0.25 0.2