145 Rectangles
-8 9 -12 0 90 8 18
-8 9 12 0 90 8 18
-6 9 -8 0 0 4 10
-6 9 8 0 0 4 10
-6 2 5.6 0 90 6.4 4
-6 2 -5.6 0 90 6.4 4
-7 2 -8 0 0 2 4
-7 2 8 0 0 2 4
-5 4 0 90 0 2 16
-4 6 4.8 0 90 6.5 4
-4 6 -4.8 0 90 6.5 4
-4 11 0 0 90 16 6
-5 14 0 90 0 2 16
-6 16 0 0 90 16 4
-7 16 -8 0 0 2 4
-7 16 8 0 0 2 4
-8.75 16 -12 -45 90 8 2
-8.75 16 12 -45 90 8 2
-6.75 16 0 -45 90 16 2
-7 16 7.3 -45 0 2 2
-7 16 -7.3 45 0 2 2

// stairs 01

-15 0 0 90 90 6.4 0.5
-14.75 0.125 0 0 90 6.4 0.25

-14.5 0.25 0 90 90 6.4 0.5
-14.25 0.375 0 0 90 6.4 0.25

-14 0.5 0 90 90 6.4 0.5
-13.75 0.625 0 0 90 6.4 0.25


-13.5 0.75 0 90 90 6.4 0.5
-13.25 0.875 0 0 90 6.4 0.25

-13 1 0 90 90 6.4 0.5
-12.75 1.125 0 0 90 6.4 0.25

-12.5 1.25 0 90 90 6.4 0.5
-12.25 1.375 0 0 90 6.4 0.25

-11.75 1.5 0 90 90 6.4 1
-11.25 1.625 0 0 90 6.4 0.25

-11 1.75 0 90 90 6.4 0.5
-10.75 1.875 0 0 90 6.4 0.25

-10.5 2 0 90 90 6.4 0.5
-10.25 2.125 0 0 90 6.4 0.25

-10 2.25 0 90 90 6.4 0.5
-9.75 2.375 0 0 90 6.4 0.25

-9.5 2.5 0 90 90 6.4 0.5
-9.25 2.625 0 0 90 6.4 0.25

-9 2.75 0 90 90 6.4 0.5
-8.75 2.875 0 0 90 6.4 0.25

-8.5 3 0 90 90 6.4 0.5
-8.25 3.125 0 0 90 6.4 0.25

-8 3.25 0 90 90 6.4 0.5
-7.75 3.375 0 0 90 6.4 0.25

-7.5 3.5 0 90 90 6.4 0.5
-7.25 3.625 0 0 90 6.4 0.25

-7 3.75 0 90 90 6.4 0.5
-6.75 3.875 0 0 90 6.4 0.25

-6.375 4 0 90 90 6.4 0.75

// end stairs 01


0 9 -16 0 0 16 18
0 9 16 0 0 16 18
8 9 0 0 90 32 18
0 16 16.75 45 0 16 2
8.75 16 0 45 90 32 2
0 16 -16.75 -45 0 16 2


-4 9 -12 0 90 8 18
-4 9 12 0 90 8 18

2 4 0 90 90 32 12

2 10 1 90 90 30 12

7 4.25 -11 0 0 2 0.5
7 4.5 -11.25 90 0 2 0.5

7 4.75 -11.5 0 0 2 0.5
7 5 -11.75 90 0 2 0.5

7 5.25 -12 0 0 2 0.5
7 5.5 -12.25 90 0 2 0.5

7 5.75 -12.5 0 0 2 0.5
7 6 -12.75 90 0 2 0.5

7 6.25 -13 0 0 2 0.5
7 6.5 -13.25 90 0 2 0.5

7 6.75 -13.5 0 0 2 0.5
7 7 -13.75 90 0 2 0.5
7 7 -15 90 0 2 2

6 7.25 -15 0 90 2 0.5
5.75 7.5 -15 90 90 2 0.5


5.5 7.75 -15 0 90 2 0.5
5.25 8 -15 90 90 2 0.5


5 8.25 -15 0 90 2 0.5
4.75 8.5 -15 90 90 2 0.5

4.5 8.75 -15 0 90 2 0.5
4.25 9 -15 90 90 2 0.5

4 9.25 -15 0 90 2 0.5
3.75 9.5 -15 90 90 2 0.5

3.5 9.75 -15 0 90 2 0.5
3.25 10 -15 90 90 2 0.5


-0.5 10 -15 90 90 2 7

4.5 7 -14 0 0 3 6

6 7 -12.5 0 90 3 6

-0.5 7 -8 0 0 7 6

3 7 -14 0 90 4 6

3 7 -9 0 90 2 6

3 8.5 -11 0 90 2 3

2 8.5 8 0 0 12 3

5.5 5.5 8 0 0 5 3
-1.5 5.5 8 0 0 5 3

-4 16 0 0 90 16 4

2 18 0 90 90 32 12


1 15.5 -8 0 90 16 5
3 15.5 -8 0 90 16 5

1 11.5 -12 0 90 8 3
3 11.5 -11 0 90 6 3

1 11.5 -3 0 90 6 3
3 11.5 -3 0 90 6 3

-1.5 14 0 0 0 5 8

5.5 14 0 0 0 5 8

5.5 14 -14 0 0 5 8

2 15.5 8 0 0 12 5
5.5 11.5 8 0 0 5 3
-1.5 11.5 8 0 0 5 3





// Computer
0.0 1.125 0.25 0.0 0.0 0.6 0.25
0.0 1.125 0.75 0.0 0.0 0.6 0.25
-0.3 1.125 0.5 0.0 90.0 0.5 0.25
0.3 1.125 0.5 0.0 90.0 0.5 0.25
0.0 1.25 0.5 90.0 0.0 0.6 0.5
0.0 1.0 0.5 90.0 0.0 0.6 0.5
0.0 1.575 0.25 10.0 0.0 0.5 0.4
0.0 1.475 0.75 10.0 0.0 0.25 0.2

// Dome
0 0.5 0 0 0 1 1
0 0.5 1 0 0 1 1
0.5 0.5 0.5 0 90 1 1
-0.5 0.5 0.5 0 90 1 1
-0.5 0.5 0.5 0 90 1 1
0 1 0.5 90 0 1 1

// Stairs decoration

-11.75 1.25 3.2 0 0 1 2.5
-8.625 1.25 3.2 0 0 5.25 2.5
-13.75 0.5 3.2 0 0 3 1
-11.75 1.25 4.2 0 0 1 2.5
-8.625 1.25 4.2 0 0 5.25 2.5
-13.75 0.5 4.2 0 0 3 1
-11.75 2.5 3.7 90 0 1 1
-6 4.5 3.7 0 90 1 1
-15.25 0.5 3.7 0 90 1 1

-11.75 1.25 -3.2 0 0 1 2.5
-8.625 1.25 -3.2 0 0 5.25 2.5
-13.75 0.5 -3.2 0 0 3 1
-11.75 1.25 -4.2 0 0 1 2.5
-8.625 1.25 -4.2 0 0 5.25 2.5
-13.75 0.5 -4.2 0 0 3 1
-11.75 2.5 -3.7 90 0 1 1
-6 4.5 -3.7 0 90 1 1
-15.25 0.5 -3.7 0 90 1 1
37 Triangles
// exterior triangle decorations
-8 15.26 8 -8 16.7 6.6 -9 17 6.6
-8 15.26 8 -9.45 16.7 8 -9 17 6.6
-8 15.26 -8 -8 16.7 -6.6 -9 17 -6.6
-8 15.26 -8 -9.45 16.7 -8 -9 17 -6.6
-8 15.26 -8 -8 16.7 -6.6 -9 17 -6.6
-8 15.26 -8 -9.45 16.7 -8 -9 17 -6.6
-8 15.26 -16 -8 16.7 -17.47 -9 17 -17.47
-8 15.26 -16 -9.45 16.7 -16 -9 17 -17.47
-8 15.26 16 -8 16.7 17.47 -9 17 17.47
-8 15.26 16 -9.45 16.7 16 -9 17 17.47
8 15.26 16 8 16.7 17.47 9 17 17.47
8 15.26 16 9.45 16.7 16 9 17 17.47
8 15.26 -16 8 16.7 -17.47 9 17 -17.47
8 15.26 -16 9.45 16.7 -16 9 17 -17.47
// stairs decoration
-6 5 3.2 -6 2.5 3.2 -11.25 2.5 3.2
-12.25 2.5 3.2 -12.25 1 3.2 -15.25 1 3.2

-6 5 4.2 -6 2.5 4.2 -11.25 2.5 4.2
-12.25 2.5 4.2 -12.25 1 4.2 -15.25 1 4.2

-6 5 3.2 -11.25 2.5 3.2 -6 5 4.2
-11.25 2.5 4.2 -11.25 2.5 3.2 -6 5 4.2

-12.25 2.5 3.2 -15.25 1 3.2 -12.25 2.5 4.2
-12.25 2.5 4.2 -15.25 1 3.2 -15.25 1 4.2


-6 5 -3.2 -6 2.5 -3.2 -11.25 2.5 -3.2
-12.25 2.5 -3.2 -12.25 1 -3.2 -15.25 1 -3.2

-6 5 -4.2 -6 2.5 -4.2 -11.25 2.5 -4.2
-12.25 2.5 -4.2 -12.25 1 -4.2 -15.25 1 -4.2

-6 5 -3.2 -11.25 2.5 -3.2 -6 5 -4.2
-11.25 2.5 -4.2 -11.25 2.5 -3.2 -6 5 -4.2

-12.25 2.5 -3.2 -15.25 1 -3.2 -12.25 2.5 -4.2
-12.25 2.5 -4.2 -15.25 1 -3.2 -15.25 1 -4.2


// Computer
0.25 1.772 0.2847 0.125 1.5734 0.7675 0.25 1.378 0.2153
0.125 1.5734 0.7675 0.125 1.3765 0.7325 0.25 1.378 0.2153
-0.25 1.772 0.2847 -0.125 1.5734 0.7675 -0.25 1.378 0.2153
-0.125 1.5734 0.7675 -0.125 1.3765 0.7325 -0.25 1.378 0.2153
0.25 1.772 0.2847 0.125 1.5734 0.7675 -0.25 1.772 0.2847
-0.125 1.5734 0.7675 0.125 1.5734 0.7675 -0.25 1.772 0.2847
0.25 1.378 0.2153 0.125 1.3765 0.7325 -0.25 1.378 0.2153
-0.125 1.3765 0.7325 0.125 1.3765 0.7325 -0.25 1.378 0.2153
