130 Rectangles

-8 9 -12 0 90 8 18 215 200 255 255 0
-8.05 11 -12 0 270 4 4 255 255 255 255 1
-8.05 11 12 0 270 4 4 255 255 255 255 1
-8 9 12 0 90 8 18 215 200 255 255 0
-5 9 -8 0 0 2 10 150 150 200 255 0
-7 9 -8 0 0 2 10 215 200 255 255 0
-5 9 8 0 0 2 10 150 150 200 255 0
-7 9 8 0 0 2 10 215 200 255 255 0
-6 2 5.6 0 90 6.4 4 215 200 255 255 0
-6 2 -5.6 0 90 6.4 4 215 200 255 255 0
-7 2 -8 0 0 2 4 215 200 255 255 0
-7 2 8 0 0 2 4 215 200 255 255 0
-5 4 0 90 0 2 16 150 150 200 255 0
-4 6 4.8 0 90 6.5 4 215 200 255 255 0
-4 6 -4.8 0 90 6.5 4 215 200 255 255 0
-4 11 0 0 90 16 6 215 200 255 255 0
-4.05 11 -5 0 270 3 3 255 255 255 255 1
-4.05 11 5 0 270 3 3 255 255 255 255 1
-4.05 11 0 0 270 3 3 255 255 255 255 1
-5 14 0 90 0 2 16 150 150 200 255 0
-6 16 0 0 90 16 4 215 200 255 255 0
-7 16 -8 0 0 2 4 215 200 255 255 0
-7 16 8 0 0 2 4 215 200 255 255 0
-8.75 16 -12 -45 90 8 2 150 150 200 255 0
-8.75 16 12 -45 90 8 2 150 150 200 255 0
-6.75 16 0 -45 90 16 2 150 150 200 255 0
-7 16 7.3 -45 0 2 2 150 150 200 255 0
-7 16 -7.3 45 0 2 2 150 150 200 255 0


0 9 -16 0 0 16 18 215 200 255 255 0
0 9 16 0 0 16 18 215 200 255 255 0
8 10 0 0 90 32 18 215 200 255 255 0
0 16 16.75 45 0 16 2 150 150 200 255 0
8.75 16 0 45 90 32 2 150 150 200 255 0
0 16 -16.75 -45 0 16 2 150 150 200 255 0


-4 9 -12 0 90 8 18 255 255 255 255 0
-4 9 12 0 90 8 18 255 255 255 255 0

2 4 0 90 90 32 12 255 255 255 255 6

2 10 1 90 90 30 12 255 255 255 255 6

-0.5 10 -15 90 90 2 7 255 255 255 255 6

4.5 7 -14 0 0 3 6 255 255 255 255 0

6 7 -12.5 0 90 3 6 255 255 255 255 0

-0.5 7 -8 0 0 7 6 255 255 255 255 0

3 7 -14 0 90 4 6 255 255 255 255 0

3 7 -9 0 90 2 6 255 255 255 255 0

3 8.5 -11 0 90 2 3 255 255 255 255 0

2 8.5 8 0 0 12 3 255 255 255 255 0

5.5 5.5 8 0 0 5 3 255 255 255 255 0
-1.5 5.5 8 0 0 5 3 255 255 255 255 0

-4 16 0 0 90 16 4 255 255 255 255 0

2 18 0 90 90 32 12 215 200 255 255 0


1 15.5 -8 0 90 16 5 255 255 255 255 0
3 15.5 -8 0 90 16 5 255 255 255 255 0

1 11.5 -12 0 90 8 3 255 255 255 255 0
3 11.5 -11 0 90 6 3 255 255 255 255 0

1 11.5 -3 0 90 6 3 255 255 255 255 0
3 11.5 -3 0 90 6 3 255 255 255 255 0

-1.5 14 0 0 0 5 8 255 255 255 255 0

5.5 14 0 0 0 5 8 255 255 255 255 0

5.5 14 -14 0 0 5 8 255 255 255 255 0

2 15.5 8 0 0 12 5 255 255 255 255 0
5.5 11.5 8 0 0 5 3 255 255 255 255 0
-1.5 11.5 8 0 0 5 3 255 255 255 255 0

// Computer Dome "Desk"
1.0 4.5 12.0 0.0 0.0 1.0 1.0 244 67 54 255 -1
1.0 4.5 13.0 0.0 0.0 1.0 1.0 244 67 54 255 -1
1.5 4.5 12.5 0.0 90.0 1.0 1.0 244 67 54 255 -1
0.5 4.5 12.5 0.0 90.0 1.0 1.0 244 67 54 255 -1
1.0 5.0 12.5 90.0 0.0 1.0 1.0 244 67 54 255 -1
// Computer Dome Window
1.0 6.0 12.5 90.0 0.0 1.0 1.0 255 255 255 50 -1
1.0 5.5 12.0 0.0 0.0 1.0 1.0 255 255 255 50 -1
1.0 5.5 13.0 0.0 0.0 1.0 1.0 255 255 255 50 -1
1.5 5.5 12.5 0.0 90.0 1.0 1.0 255 255 255 50 -1
0.5 5.5 12.5 0.0 90.0 1.0 1.0 255 255 255 50 -1

// Atari Dome "Desk"
-0.5 4.5 -12.0 0.0 0.0 1.0 1.0 244 67 54 255 -1
-0.5 4.5 -11.0 0.0 0.0 1.0 1.0 244 67 54 255 -1
0.0 4.5 -11.5 0.0 90.0 1.0 1.0 244 67 54 255 -1
-1.0 4.5 -11.5 0.0 90.0 1.0 1.0 244 67 54 255 -1
-0.5 5.0 -11.5 90.0 0.0 1.0 1.0 244 67 54 255 -1
// Atari Dome Window
-0.5 6.0 -11.5 90.0 0.0 1.0 1.0 255 255 255 50 -1
-0.5 5.5 -12.0 0.0 0.0 1.0 1.0 255 255 255 50 -1
-0.5 5.5 -11.0 0.0 0.0 1.0 1.0 255 255 255 50 -1
0.0 5.5 -11.5 0.0 90.0 1.0 1.0 255 255 255 50 -1
-1.0 5.5 -11.5 0.0 90.0 1.0 1.0 255 255 255 50 -1

// Telephone Dome "Desk"
5.5 10.5 -6.5 0.0 0.0 1.0 1.0 244 67 54 255 -1
5.5 10.5 -5.5 0.0 0.0 1.0 1.0 244 67 54 255 -1
6.0 10.5 -6.0 0.0 90.0 1.0 1.0 244 67 54 255 -1
5.0 10.5 -6.0 0.0 90.0 1.0 1.0 244 67 54 255 -1
5.5 11.0 -6.0 90.0 0.0 1.0 1.0 244 67 54 255 -1
// Telephone Dome Window
5.5 12.0 -6.0 90.0 0.0 1.0 1.0 255 255 255 50 -1
5.5 11.5 -6.5 0.0 0.0 1.0 1.0 255 255 255 50 -1
5.5 11.5 -5.5 0.0 0.0 1.0 1.0 255 255 255 50 -1
6.0 11.5 -6.0 0.0 90.0 1.0 1.0 255 255 255 50 -1
5.0 11.5 -6.0 0.0 90.0 1.0 1.0 255 255 255 50 -1

// Amateur Radio Dome "Desk"
-1.5 10.5 -8.0 0.0 0.0 1.0 1.0 244 67 54 255 -1
-1.5 10.5 -7.0 0.0 0.0 1.0 1.0 244 67 54 255 -1
-1.0 10.5 -7.5 0.0 90.0 1.0 1.0 244 67 54 255 -1
-2.0 10.5 -7.5 0.0 90.0 1.0 1.0 244 67 54 255 -1
-1.5 11.0 -7.5 90.0 0.0 1.0 1.0 244 67 54 255 -1
// Amateur Radio Dome Window
-1.5 12.0 -7.5 90.0 0.0 1.0 1.0 255 255 255 50 -1
-1.5 11.5 -8.0 0.0 0.0 1.0 1.0 255 255 255 50 -1
-1.5 11.5 -7.0 0.0 0.0 1.0 1.0 255 255 255 50 -1
-1.0 11.5 -7.5 0.0 90.0 1.0 1.0 255 255 255 50 -1
-2.0 11.5 -7.5 0.0 90.0 1.0 1.0 255 255 255 50 -1

// Typewriter Dome "Desk"
2.0 10.5 10.5 0.0 0.0 1.0 1.0 244 67 54 255 -1
2.0 10.5 11.5 0.0 0.0 1.0 1.0 244 67 54 255 -1
2.5 10.5 11.0 0.0 90.0 1.0 1.0 244 67 54 255 -1
1.5 10.5 11.0 0.0 90.0 1.0 1.0 244 67 54 255 -1
2.0 11.0 11.0 90.0 0.0 1.0 1.0 244 67 54 255 -1
// Typewriter Dome Window
2.0 12.0 11.0 90.0 0.0 1.0 1.0 255 255 255 50 -1
2.0 11.5 10.5 0.0 0.0 1.0 1.0 255 255 255 50 -1
2.0 11.5 11.5 0.0 0.0 1.0 1.0 255 255 255 50 -1
2.5 11.5 11.0 0.0 90.0 1.0 1.0 255 255 255 50 -1
1.5 11.5 11.0 0.0 90.0 1.0 1.0 255 255 255 50 -1

// Stairs decoration

-11.75 1.25 3.2 0 0 1 2.5 200 200 255 255 0
-8.625 1.25 3.2 0 0 5.25 2.5 200 200 255 255 0
-13.75 0.5 3.2 0 0 3 1 200 200 255 255 0
-11.75 1.25 4.2 0 0 1 2.5 200 200 255 255 0
-8.625 1.25 4.2 0 0 5.25 2.5 200 200 255 255 0
-13.75 0.5 4.2 0 0 3 1 200 200 255 255 0
-11.75 2.5 3.7 90 0 1 1 200 200 255 255 0
-6 4.5 3.7 0 90 1 1 200 200 255 255 0
-15.25 0.5 3.7 0 90 1 1 200 200 255 255 0

-11.75 1.25 -3.2 0 0 1 2.5 200 200 255 255 0
-8.625 1.25 -3.2 0 0 5.25 2.5 200 200 255 255 0
-13.75 0.5 -3.2 0 0 3 1 200 200 255 255 0
-11.75 1.25 -4.2 0 0 1 2.5 200 200 255 255 0
-8.625 1.25 -4.2 0 0 5.25 2.5 200 200 255 255 0
-13.75 0.5 -4.2 0 0 3 1 200 200 255 255 0
-11.75 2.5 -3.7 90 0 1 1 200 200 255 255 0
-6 4.5 -3.7 0 90 1 1 200 200 255 255 0
-15.25 0.5 -3.7 0 90 1 1 200 200 255 255 0

-18 5 0 0 90 10 10 200 200 255 255 0
18 5 0 0 90 10 10 200 200 255 255 0